1 0 1 1 0 0 0 0 1 1 0 0 0 0 0 1 0 1 0 1 0 0 1 0 1 1 1 1 1 0 0 1   1 1 1 0 1 0 1 1 1 1 1 1 0 0 1 0 1 0 0 0 0 0 1 1 0 0 0 1 1 1 1 1 


ebf2831f

11101011111100101000001100011111   0 
01101011111100101000001100011111 	
00101011111100101000001100011111
00001011111100101000001100011111
00001011111100101000001100011111
00000011111100101000001100011111
00000011111100101000001100011111
00000001111100101000001100011111
00000000111100101000001100011111
00000000011100101000001100011111
00000000001100101000001100011111
00000000000100101000001100011111
00000000000000101000001100011111
00000000000000101000001100011111
00000000000000101000001100011111
00000000000000001000001100011111
00000000000000001000001100011111
00000000000000000000001100011111
00000000000000000000001100011111
00000000000000000000001100011111
00000000000000000000001100011111
00000000000000000000001100011111
00000000000000000000000100011111
00000000000000000000000000011111-
00000000000000000000000000011111-1f
00000000000000000000000000011111-1f
00000000000000000000000000011111-1f
00000000000000000000000000001111 - f
00000000000000000000000000000111 - 7
00000000000000000000000000000011
00000000000000000000000000000001 

4eda41b7 18d70349

01001110110110100100000110110111  00011000110101110000001101001001

46508fb7 6677e201
10110000110000010101001011111001  11101011111100101000001100011111
after 32 steps c6508fb7 138ea38e
11000110010100001000111110110111  00010011100011101010001110001110



10110000110000010101001011111001  11101011111100101000001100011111
10110000110000010101001011111001  00100110011101111110001000000001
10110000110000010101001011111001  00000110011101111110001000000001



6677e201
01100110011101111110001000000001
2677e201
00100110011101111110001000000001
00100000000000000000000000000000
00000110011101111110001000000001
00000110011101111110001000000001 -677e201


10110000110000010101001011111001  11101011111100101000001100011111

01100001100000101010010111110011  
11010111111001010000011000111111 
00000000000000000000000000000001
00000000000000000000000000000001
<<30
01000000000000000000000000000000
00100110011101111110001000000001

01100110011101111110001000000001 - 6677e201
01000000000000000000000000000000

10110000110000010101001011111001  11101011111100101000001100011111

11101011111100101000001100011111

00100110011101111110001000000001


01000110010100001000111110110111  01100110011101111110001000000001
10110000110000010101001011111001  11101011111100101000001100011111

01100001100000101010010111110011
11010111111001010000011000111111
00000000000000000000000000000001
00000000000000000000000000000001
>>2
01000000000000000000000000000000
01100110011101111110001000000001
-2677e201





01001110110110100100000110110111  00011000110101110000001101001001
10110000110000010101001011111001  11101011111100101000001100011111


46508fb7 6677e201
10110000110000010101001011111001  11101011111100101000001100011111